{
 "cells": [
  {
   "cell_type": "markdown",
   "id": "917120ef",
   "metadata": {},
   "source": [
    "# Curso de aprendizaje automatizado\n",
    "PCIC, UNAM\n",
    "\n",
    "Machine Learning\n",
    "\n",
    "Rodrigo S. Cortez Madrigal\n",
    "\n",
    "<img src=\"https://pcic.posgrado.unam.mx/wp-content/uploads/Ciencia-e-Ingenieria-de-la-Computacion_color.png\" alt=\"Logo PCIC\" width=\"128\" />   \n",
    "\n",
    "### Tarea 4"
   ]
  },
  {
   "cell_type": "markdown",
   "id": "b052d48b",
   "metadata": {},
   "source": [
    "## Introducción\n",
    "\n",
    "Considera un conjunto de imágenes de lugares etiquetadas en 15 categorías, el cual está dividido en\n",
    "subconjuntos de entrenamiento (100 imágenes por categoría) y de prueba. Se extrajeron puntos\n",
    "de interés por cada imagen usando el algoritmo SIFT [1] y sus vectores de características de 128\n",
    "dimensiones. Calcula la representación de bolsa de características de las imágenes [2]. De forma\n",
    "general, el procedimiento es el siguiente:\n",
    "\n",
    "- 1. Se extraen puntos de interés de las imágenes y vectores de características que describan las\n",
    "regiones de pixeles circundantes (estos vectores se proporcionan en el archivo del conjunto de\n",
    "datos).\n",
    "- 2. Se agrupan los vectores de características: comúnmente se emplea un algoritmo de agrupamiento como K-medias, donde cada centro es una palabra visual y al conjunto completo de centros se le conoce como vocabulario visual.\n",
    "- 3. Se calcula la representación de bolsa de características de cada imagen como su histograma de frecuencias de palabras visuales.\n",
    "- 4. Opcionalmente se aplican técnicas de reducción de dimensionalidad a los vectores y/o las bolsas de características.\n",
    "\n",
    "## Objetivo\n",
    "\n",
    "Entrena tres diferentes modelos no lineales de clasificación de imágenes (por ej. Gradient Boosted\n",
    "Trees, Random Forests o Support Vector Machines) con las bolsas de características extraídas 3, construyendo un vocabulario visual de tamaño 10000:"
   ]
  },
  {
   "cell_type": "code",
   "execution_count": 1,
   "id": "2d429bce",
   "metadata": {},
   "outputs": [],
   "source": [
    "import os\n",
    "import joblib\n",
    "import numpy as np\n",
    "from tqdm import tqdm\n",
    "from sklearn.cluster import MiniBatchKMeans\n",
    "import pandas as pd\n",
    "\n",
    "from sklearn.decomposition import PCA\n",
    "from sklearn.svm import SVC\n",
    "\n",
    "import plotly.express as px\n",
    "import plotly.graph_objects as go\n",
    "import plotly.io as pio\n",
    "\n",
    "from sklearn.metrics import classification_report, confusion_matrix, accuracy_score\n",
    "from sklearn.ensemble import RandomForestClassifier\n",
    "\n",
    "from sklearn.model_selection import GridSearchCV\n",
    "from xgboost import XGBClassifier\n",
    "from sklearn.preprocessing import LabelEncoder"
   ]
  },
  {
   "cell_type": "code",
   "execution_count": 2,
   "id": "60b48527",
   "metadata": {},
   "outputs": [],
   "source": [
    "BASE_DIR = \"./data\""
   ]
  },
  {
   "cell_type": "code",
   "execution_count": 3,
   "id": "f25c05bc",
   "metadata": {},
   "outputs": [],
   "source": [
    "def delete_images(path):\n",
    "    for root, dirs, files in os.walk(path):\n",
    "        for file in files:\n",
    "            if file.endswith(\".jpg\"):\n",
    "                os.remove(os.path.join(root, file))"
   ]
  },
  {
   "cell_type": "code",
   "execution_count": 4,
   "id": "2fc68445",
   "metadata": {},
   "outputs": [],
   "source": [
    "delete_images(BASE_DIR)"
   ]
  },
  {
   "cell_type": "markdown",
   "id": "3b2df9a1",
   "metadata": {},
   "source": [
    "# Crear dataset \n",
    "\n",
    "1. Se extraen puntos de interés de las imágenes y vectores de características que describan las\n",
    "regiones de pixeles circundantes (estos vectores se proporcionan en el archivo del conjunto de\n",
    "datos).\n",
    "\n",
    "- Hay dos carpetas: train y test\n",
    "- En train y test hay carpetas con la categoría de la imagen\n",
    "- En cada carpeta hay una carpeta llamada features \n",
    "- En cada carpeta features hay un archivos .npy con las características de cada imagen\n",
    "\n",
    "#### Queremos un dataframe train y un dataset test con las características de cada imagen y su categoría\n",
    "\n",
    "| features (array)    | category | filename     |\n",
    "|---------------------|----------|--------------|\n",
    "| array(845, 128)     | playa    | img_001.npy  |\n",
    "| array(612, 128)     | bosque   | img_003.npy  |\n",
    "| array(790, 128)     | ciudad   | img_010.npy  |\n",
    "| ...                 | ...      | ...          |"
   ]
  },
  {
   "cell_type": "code",
   "execution_count": 5,
   "id": "e9a6643a",
   "metadata": {},
   "outputs": [
    {
     "name": "stderr",
     "output_type": "stream",
     "text": [
      "Procesando categorías en train: 100%|██████████| 16/16 [00:00<00:00, 33.14it/s]\n",
      "Procesando categorías en test: 100%|██████████| 16/16 [00:00<00:00, 18.86it/s]\n"
     ]
    }
   ],
   "source": [
    "\n",
    "\n",
    "def create_dataset(base_dir, split):\n",
    "    data = []\n",
    "    split_path = os.path.join(base_dir, split)\n",
    "    categories = sorted(os.listdir(split_path))\n",
    "    \n",
    "    for category in tqdm(categories, desc=f\"Procesando categorías en {split}\"):\n",
    "        category_path = os.path.join(split_path, category)\n",
    "        if not os.path.isdir(category_path):\n",
    "            continue\n",
    "        features_path = os.path.join(category_path, \"features\")\n",
    "        if not os.path.exists(features_path):\n",
    "            continue\n",
    "        files = [fname for fname in os.listdir(features_path) if fname.endswith(\".npy\")]\n",
    "        for fname in tqdm(files, desc=f\"Procesando archivos en {category}\", leave=False):\n",
    "            fpath = os.path.join(features_path, fname)\n",
    "            features = np.load(fpath)\n",
    "            if features.shape[1] == 128: \n",
    "                data.append({\"features\": features, \"category\": category, \"filename\": fname.replace(\".jpg.npy\", \"\")})\n",
    "    return pd.DataFrame(data)\n",
    "\n",
    "# Crear datasets\n",
    "train_df = create_dataset(BASE_DIR, \"train\")\n",
    "test_df = create_dataset(BASE_DIR, \"test\")"
   ]
  },
  {
   "cell_type": "code",
   "execution_count": 6,
   "id": "a911dc3c",
   "metadata": {},
   "outputs": [
    {
     "data": {
      "application/vnd.microsoft.datawrangler.viewer.v0+json": {
       "columns": [
        {
         "name": "index",
         "rawType": "int64",
         "type": "integer"
        },
        {
         "name": "features",
         "rawType": "object",
         "type": "unknown"
        },
        {
         "name": "category",
         "rawType": "object",
         "type": "string"
        },
        {
         "name": "filename",
         "rawType": "object",
         "type": "string"
        }
       ],
       "conversionMethod": "pd.DataFrame",
       "ref": "c8a39109-e98b-4f66-8157-4b7db836d8aa",
       "rows": [
        [
         "0",
         "[[0.00783572 0.01161848 0.00297217 ... 0.03026209 0.01296947 0.00081059]\n [0.         0.         0.         ... 0.00107759 0.00915948 0.01670259]\n [0.         0.00202634 0.00683891 ... 0.00151976 0.00151976 0.00177305]\n ...\n [0.00574713 0.0302682  0.04559387 ... 0.         0.         0.        ]\n [0.00730727 0.03836317 0.02046036 ... 0.         0.         0.        ]\n [0.00040519 0.         0.         ... 0.00040519 0.         0.        ]]",
         "bedroom",
         "image_0169"
        ],
        [
         "1",
         "[[0.03668815 0.00099157 0.         ... 0.         0.         0.00446207]\n [0.01114206 0.00111421 0.00222841 ... 0.00027855 0.00083565 0.00473538]\n [0.0005777  0.0011554  0.00664356 ... 0.         0.01877527 0.03292894]\n ...\n [0.         0.00025543 0.00153257 ... 0.00178799 0.00536398 0.00945083]\n [0.00068259 0.         0.         ... 0.00068259 0.00068259 0.00170648]\n [0.         0.         0.         ... 0.01255668 0.00662714 0.00697593]]",
         "bedroom",
         "image_0001"
        ],
        [
         "2",
         "[[0.         0.00476758 0.04290823 ... 0.         0.0003973  0.00158919]\n [0.         0.003663   0.04314204 ... 0.         0.000407   0.002442  ]\n [0.         0.         0.         ... 0.0003858  0.00115741 0.00154321]\n ...\n [0.01629802 0.03026775 0.01629802 ... 0.         0.         0.00029104]\n [0.00234535 0.03752565 0.03811199 ... 0.         0.         0.        ]\n [0.         0.00122624 0.03832005 ... 0.         0.00030656 0.00061312]]",
         "bedroom",
         "image_0179"
        ],
        [
         "3",
         "[[0.00474094 0.00270911 0.00067728 ... 0.00101592 0.         0.        ]\n [0.         0.00068681 0.00103022 ... 0.00377747 0.00034341 0.00034341]\n [0.01356305 0.00329912 0.00036657 ... 0.00109971 0.00073314 0.00073314]\n ...\n [0.03774164 0.         0.         ... 0.         0.         0.00061369]\n [0.         0.         0.         ... 0.         0.03339517 0.02628324]\n [0.01308774 0.01042172 0.00145419 ... 0.0077557  0.00751333 0.0133301 ]]",
         "bedroom",
         "image_0146"
        ],
        [
         "4",
         "[[0.00455927 0.01785714 0.00493921 ... 0.00417933 0.00151976 0.00151976]\n [0.00224972 0.04949381 0.01687289 ... 0.         0.         0.0119985 ]\n [0.0003888  0.         0.0007776  ... 0.0003888  0.0003888  0.0007776 ]\n ...\n [0.         0.         0.         ... 0.00195312 0.         0.        ]\n [0.         0.         0.00660377 ... 0.         0.         0.        ]\n [0.         0.         0.         ... 0.01178719 0.         0.        ]]",
         "bedroom",
         "image_0216"
        ],
        [
         "5",
         "[[0.         0.         0.00030544 ... 0.00030544 0.00030544 0.00183262]\n [0.00849396 0.03854949 0.01470108 ... 0.         0.         0.        ]\n [0.         0.         0.00156887 ... 0.         0.         0.        ]\n ...\n [0.01698579 0.00308833 0.00123533 ... 0.00061767 0.         0.        ]\n [0.00108147 0.         0.         ... 0.00865177 0.00036049 0.00108147]\n [0.         0.00754006 0.01570845 ... 0.00282752 0.         0.00031417]]",
         "bedroom",
         "image_0102"
        ],
        [
         "6",
         "[[0.02130326 0.00292398 0.00167084 ... 0.01211362 0.00543024 0.00083542]\n [0.00207469 0.         0.         ... 0.00034578 0.00172891 0.00518672]\n [0.00224972 0.01462317 0.01312336 ... 0.         0.         0.        ]\n ...\n [0.00437158 0.0010929  0.00191257 ... 0.00027322 0.00136612 0.00519126]\n [0.00528262 0.00158479 0.0042261  ... 0.         0.         0.        ]\n [0.00188425 0.00484522 0.00080754 ... 0.00780619 0.         0.        ]]",
         "bedroom",
         "image_0027"
        ],
        [
         "7",
         "[[0.02469136 0.04867725 0.00634921 ... 0.         0.00070547 0.00070547]\n [0.02345216 0.00093809 0.         ... 0.00250156 0.00218887 0.02282677]\n [0.0390482  0.00915192 0.         ... 0.01128737 0.00305064 0.00701647]\n ...\n [0.00193924 0.00226244 0.00129282 ... 0.00872657 0.02876535 0.00581771]\n [0.00087925 0.00293083 0.00439625 ... 0.00058617 0.01289566 0.00322392]\n [0.00028588 0.00028588 0.00114351 ... 0.         0.         0.        ]]",
         "bedroom",
         "image_0194"
        ],
        [
         "8",
         "[[0.01483575 0.00176616 0.00035323 ... 0.         0.00247262 0.0187213 ]\n [0.00029878 0.0083657  0.0071706  ... 0.0011951  0.00209143 0.00149388]\n [0.02298478 0.         0.         ... 0.         0.00388475 0.04014244]\n ...\n [0.00754243 0.00251414 0.00125707 ... 0.         0.         0.        ]\n [0.0017838  0.00356761 0.01855155 ... 0.         0.         0.        ]\n [0.00034317 0.00068634 0.         ... 0.00171585 0.         0.        ]]",
         "bedroom",
         "image_0184"
        ],
        [
         "9",
         "[[0.02966432 0.00039032 0.         ... 0.         0.         0.        ]\n [0.04372701 0.00204332 0.         ... 0.         0.         0.00653862]\n [0.02692032 0.00035894 0.         ... 0.         0.         0.00215363]\n ...\n [0.00980392 0.0010142  0.         ... 0.03414469 0.03515889 0.00067613]\n [0.00206683 0.00068894 0.00068894 ... 0.00034447 0.00137788 0.02135722]\n [0.         0.         0.         ... 0.         0.         0.        ]]",
         "bedroom",
         "image_0055"
        ],
        [
         "10",
         "[[0.00494071 0.00197628 0.         ... 0.04117259 0.01317523 0.00296443]\n [0.00064288 0.00032144 0.         ... 0.         0.         0.00064288]\n [0.01322482 0.00101729 0.0003391  ... 0.00779925 0.0003391  0.        ]\n ...\n [0.00028719 0.00028719 0.01378518 ... 0.00919012 0.00574383 0.00057438]\n [0.02615434 0.00516629 0.         ... 0.00161447 0.042299   0.0048434 ]\n [0.00060938 0.00030469 0.         ... 0.00243754 0.         0.        ]]",
         "bedroom",
         "image_0045"
        ],
        [
         "11",
         "[[0.01428571 0.03       0.00142857 ... 0.         0.         0.        ]\n [0.01052285 0.00098652 0.00032884 ... 0.         0.         0.        ]\n [0.00165508 0.00231711 0.05064548 ... 0.00595829 0.00066203 0.00033102]\n ...\n [0.00073665 0.00036832 0.00036832 ... 0.         0.         0.        ]\n [0.00030266 0.00211864 0.00786925 ... 0.         0.         0.00121065]\n [0.00183206 0.01648855 0.04183206 ... 0.         0.         0.        ]]",
         "bedroom",
         "image_0171"
        ],
        [
         "12",
         "[[0.00065147 0.         0.         ... 0.         0.         0.        ]\n [0.         0.         0.         ... 0.         0.         0.        ]\n [0.         0.         0.         ... 0.         0.         0.00163399]\n ...\n [0.00228964 0.         0.         ... 0.         0.         0.00057241]\n [0.00148236 0.         0.         ... 0.00296472 0.00148236 0.00029647]\n [0.         0.         0.         ... 0.02511661 0.00251166 0.        ]]",
         "bedroom",
         "image_0009"
        ],
        [
         "13",
         "[[0.01504664 0.01143545 0.01504664 ... 0.         0.         0.        ]\n [0.01643836 0.00739726 0.00027397 ... 0.01287671 0.01780822 0.01890411]\n [0.00794585 0.00235433 0.         ... 0.00235433 0.00029429 0.00088287]\n ...\n [0.00035211 0.         0.         ... 0.0028169  0.01091549 0.00669014]\n [0.00034305 0.         0.         ... 0.00205832 0.00102916 0.        ]\n [0.00060698 0.00940819 0.02124431 ... 0.0185129  0.         0.        ]]",
         "bedroom",
         "image_0036"
        ],
        [
         "14",
         "[[0.00034602 0.00103806 0.03114187 ... 0.         0.         0.        ]\n [0.         0.         0.         ... 0.         0.         0.00034626]\n [0.06149849 0.00476397 0.         ... 0.         0.         0.0034647 ]\n ...\n [0.00064662 0.00711284 0.01293243 ... 0.         0.         0.00161655]\n [0.00302364 0.00357339 0.00082463 ... 0.00302364 0.         0.        ]\n [0.03586558 0.02174527 0.00875459 ... 0.00056481 0.         0.        ]]",
         "bedroom",
         "image_0044"
        ],
        [
         "15",
         "[[0.0047759  0.00110213 0.         ... 0.00110213 0.00036738 0.00036738]\n [0.01262459 0.0076412  0.00033223 ... 0.00265781 0.00199336 0.00066445]\n [0.         0.00268097 0.02234138 ... 0.00044683 0.00044683 0.00044683]\n ...\n [0.00088942 0.         0.00177883 ... 0.         0.00177883 0.00029647]\n [0.00033025 0.00561427 0.00264201 ... 0.00033025 0.00033025 0.        ]\n [0.00915033 0.02287582 0.02058824 ... 0.00490196 0.04673203 0.02581699]]",
         "bedroom",
         "image_0185"
        ],
        [
         "16",
         "[[0.         0.         0.00085837 ... 0.         0.         0.00042918]\n [0.0092437  0.00462185 0.00210084 ... 0.         0.         0.00210084]\n [0.00061162 0.0058104  0.00336391 ... 0.         0.         0.00030581]\n ...\n [0.         0.00091158 0.00486174 ... 0.00790033 0.00455789 0.        ]\n [0.00031211 0.00842697 0.03370786 ... 0.         0.         0.00343321]\n [0.00800986 0.004313   0.00092421 ... 0.00030807 0.         0.        ]]",
         "bedroom",
         "image_0072"
        ],
        [
         "17",
         "[[0.00308099 0.00088028 0.         ... 0.00044014 0.00044014 0.00616197]\n [0.         0.         0.         ... 0.         0.         0.        ]\n [0.01231767 0.00842788 0.00680713 ... 0.         0.         0.        ]\n ...\n [0.         0.         0.         ... 0.00254777 0.01452229 0.02394904]\n [0.00524541 0.02435369 0.00599475 ... 0.         0.00037467 0.08505058]\n [0.         0.         0.00037216 ... 0.01116487 0.01302568 0.00037216]]",
         "bedroom",
         "image_0178"
        ],
        [
         "18",
         "[[0.01732768 0.00154024 0.         ... 0.         0.00077012 0.03157489]\n [0.         0.00060042 0.01410988 ... 0.00120084 0.00690483 0.04022816]\n [0.00129199 0.01162791 0.04748062 ... 0.00129199 0.00742894 0.00452196]\n ...\n [0.         0.         0.         ... 0.01161752 0.01012809 0.01519214]\n [0.         0.         0.00063654 ... 0.         0.         0.00031827]\n [0.02882483 0.02660754 0.01076972 ... 0.         0.         0.        ]]",
         "bedroom",
         "image_0010"
        ],
        [
         "19",
         "[[0.00970874 0.02556634 0.01067961 ... 0.00097087 0.         0.        ]\n [0.         0.         0.         ... 0.         0.         0.        ]\n [0.01100208 0.02349093 0.02170681 ... 0.         0.         0.        ]\n ...\n [0.04352941 0.01323529 0.00058824 ... 0.         0.         0.        ]\n [0.00747791 0.01563562 0.00169952 ... 0.00339905 0.01971448 0.02923181]\n [0.03359684 0.03613777 0.00846979 ... 0.00084698 0.00084698 0.00084698]]",
         "bedroom",
         "image_0125"
        ],
        [
         "20",
         "[[0.04903079 0.0440897  0.00076017 ... 0.         0.         0.        ]\n [0.00350318 0.01146497 0.00063694 ... 0.03789809 0.00732484 0.00382166]\n [0.00961538 0.00729443 0.00364721 ... 0.         0.00033156 0.00132626]\n ...\n [0.         0.         0.         ... 0.         0.         0.        ]\n [0.         0.         0.         ... 0.         0.         0.        ]\n [0.         0.         0.         ... 0.         0.         0.00164799]]",
         "bedroom",
         "image_0147"
        ],
        [
         "21",
         "[[0.         0.         0.         ... 0.         0.01336898 0.04048892]\n [0.00468975 0.02344877 0.02056277 ... 0.00036075 0.01190476 0.02597403]\n [0.02287348 0.01358113 0.00178699 ... 0.         0.         0.        ]\n ...\n [0.         0.         0.         ... 0.03458904 0.00308219 0.00068493]\n [0.0446982  0.00652529 0.00032626 ... 0.         0.         0.        ]\n [0.0035137  0.00035137 0.         ... 0.         0.         0.        ]]",
         "bedroom",
         "image_0111"
        ],
        [
         "22",
         "[[0.0009849  0.01674327 0.01313198 ... 0.         0.         0.0003283 ]\n [0.         0.         0.0003269  ... 0.0003269  0.00130762 0.01503759]\n [0.00058106 0.00145264 0.00058106 ... 0.00639163 0.00029053 0.00087159]\n ...\n [0.00030432 0.00060864 0.         ... 0.04169203 0.00669507 0.00121729]\n [0.00092194 0.01044868 0.02366318 ... 0.00245851 0.00030731 0.        ]\n [0.0006135  0.00245399 0.00030675 ... 0.         0.         0.        ]]",
         "bedroom",
         "image_0101"
        ],
        [
         "23",
         "[[0.00610413 0.01220826 0.01328546 ... 0.00394973 0.00502693 0.00035907]\n [0.02101507 0.00793021 0.00118953 ... 0.00118953 0.         0.00079302]\n [0.00103093 0.00446735 0.00618557 ... 0.00790378 0.00893471 0.00274914]\n ...\n [0.00539629 0.01888702 0.00404722 ... 0.         0.         0.        ]\n [0.00103699 0.00207397 0.01244383 ... 0.         0.         0.        ]\n [0.         0.         0.00229043 ... 0.         0.         0.        ]]",
         "bedroom",
         "image_0079"
        ],
        [
         "24",
         "[[0.00028297 0.         0.         ... 0.00169779 0.00226372 0.01810979]\n [0.         0.         0.         ... 0.00663015 0.01614298 0.02565581]\n [0.0005637  0.00620068 0.01014656 ... 0.         0.         0.        ]\n ...\n [0.00436681 0.0040549  0.00187149 ... 0.         0.         0.        ]\n [0.00404858 0.00033738 0.         ... 0.         0.         0.        ]\n [0.06451613 0.06317204 0.00179211 ... 0.         0.         0.        ]]",
         "bedroom",
         "image_0173"
        ],
        [
         "25",
         "[[0.01042017 0.00571429 0.00033613 ... 0.         0.         0.        ]\n [0.00136846 0.         0.         ... 0.00068423 0.02600068 0.00034211]\n [0.         0.00077821 0.00972763 ... 0.         0.         0.00155642]\n ...\n [0.03094186 0.0034002  0.0034002  ... 0.         0.         0.00034002]\n [0.00119012 0.00029753 0.00178518 ... 0.00446296 0.00238024 0.        ]\n [0.01418943 0.         0.         ... 0.00070947 0.         0.        ]]",
         "bedroom",
         "image_0046"
        ],
        [
         "26",
         "[[0.         0.         0.         ... 0.         0.0003413  0.01262799]\n [0.00098296 0.         0.         ... 0.         0.         0.00655308]\n [0.00502986 0.00440113 0.         ... 0.00031437 0.0047155  0.03049356]\n ...\n [0.         0.         0.         ... 0.         0.         0.        ]\n [0.         0.         0.         ... 0.00075188 0.00037594 0.        ]\n [0.00041789 0.00041789 0.         ... 0.         0.         0.        ]]",
         "bedroom",
         "image_0197"
        ],
        [
         "27",
         "[[0.0065846  0.00229029 0.         ... 0.         0.         0.        ]\n [0.         0.00056529 0.02176371 ... 0.00197852 0.00056529 0.00056529]\n [0.0068699  0.00944611 0.00085874 ... 0.00042937 0.00042937 0.00042937]\n ...\n [0.00136203 0.00272405 0.010079   ... 0.00163443 0.00054481 0.00027241]\n [0.0015456  0.00721278 0.00927357 ... 0.0010304  0.         0.        ]\n [0.         0.         0.         ... 0.00251527 0.00359324 0.00179662]]",
         "bedroom",
         "image_0187"
        ],
        [
         "28",
         "[[0.         0.00106383 0.00035461 ... 0.00141844 0.00106383 0.00177305]\n [0.0190678  0.03904358 0.00726392 ... 0.00121065 0.00211864 0.01331719]\n [0.         0.         0.00060864 ... 0.         0.         0.        ]\n ...\n [0.         0.         0.         ... 0.00102319 0.0085266  0.01023192]\n [0.         0.         0.         ... 0.043434   0.00101798 0.        ]\n [0.         0.         0.         ... 0.00033014 0.         0.        ]]",
         "bedroom",
         "image_0012"
        ],
        [
         "29",
         "[[0.01401869 0.00350467 0.         ... 0.         0.         0.        ]\n [0.02076003 0.0059817  0.         ... 0.         0.01125968 0.00422238]\n [0.02215868 0.         0.         ... 0.00142959 0.00536097 0.        ]\n ...\n [0.0328068  0.02855407 0.00516403 ... 0.         0.         0.        ]\n [0.00857843 0.00030637 0.         ... 0.01348039 0.01685049 0.00643382]\n [0.00141894 0.00106421 0.         ... 0.         0.00035474 0.0198652 ]]",
         "bedroom",
         "image_0002"
        ],
        [
         "30",
         "[[0.00943651 0.01428957 0.02345646 ... 0.         0.         0.        ]\n [0.         0.         0.         ... 0.00611888 0.00145688 0.00641026]\n [0.03057697 0.01781441 0.01090136 ... 0.         0.         0.        ]\n ...\n [0.00937395 0.04385671 0.04385671 ... 0.         0.         0.00033478]\n [0.00468457 0.         0.         ... 0.0003123  0.0003123  0.        ]\n [0.00192308 0.00512821 0.00128205 ... 0.         0.         0.        ]]",
         "bedroom",
         "image_0108"
        ],
        [
         "31",
         "[[0.         0.00040683 0.00162734 ... 0.         0.         0.        ]\n [0.         0.         0.0004075  ... 0.00325998 0.         0.00285249]\n [0.04547191 0.0045854  0.         ... 0.         0.         0.        ]\n ...\n [0.00272702 0.0005454  0.00927188 ... 0.00081811 0.0002727  0.00463594]\n [0.00174115 0.01741149 0.04004643 ... 0.         0.         0.        ]\n [0.         0.         0.         ... 0.         0.         0.        ]]",
         "bedroom",
         "image_0070"
        ],
        [
         "32",
         "[[0.         0.00588928 0.05771496 ... 0.         0.         0.        ]\n [0.02010517 0.00247448 0.         ... 0.         0.         0.        ]\n [0.00128329 0.00256657 0.00160411 ... 0.00032082 0.         0.        ]\n ...\n [0.03614458 0.00957677 0.         ... 0.0154464  0.02594995 0.00741427]\n [0.00858811 0.0027482  0.00034352 ... 0.00034352 0.         0.00446582]\n [0.01242862 0.05139402 0.00671817 ... 0.00067182 0.00335909 0.00537454]]",
         "bedroom",
         "image_0094"
        ],
        [
         "33",
         "[[0.00231481 0.00165344 0.00132275 ... 0.         0.00231481 0.00330688]\n [0.         0.         0.         ... 0.         0.         0.        ]\n [0.02679458 0.01124711 0.         ... 0.         0.         0.        ]\n ...\n [0.00054496 0.00108992 0.00517711 ... 0.00326975 0.         0.        ]\n [0.         0.         0.         ... 0.00165062 0.0090784  0.01485557]\n [0.         0.00106553 0.0151838  ... 0.00026638 0.00053277 0.0015983 ]]",
         "bedroom",
         "image_0155"
        ],
        [
         "34",
         "[[0.00146628 0.00329912 0.         ... 0.00036657 0.00109971 0.        ]\n [0.         0.         0.00129646 ... 0.00129646 0.01512532 0.019879  ]\n [0.01097074 0.0049867  0.00166223 ... 0.00166223 0.02692819 0.01728723]\n ...\n [0.00255346 0.00797957 0.00287265 ... 0.00095755 0.00095755 0.00095755]\n [0.04703477 0.04703477 0.00374915 ... 0.         0.         0.        ]\n [0.03745199 0.04737516 0.0003201  ... 0.00288092 0.00960307 0.00672215]]",
         "bedroom",
         "image_0145"
        ],
        [
         "35",
         "[[0.00036536 0.00036536 0.01059554 ... 0.         0.         0.        ]\n [0.02443992 0.00203666 0.00271555 ... 0.         0.         0.        ]\n [0.00249144 0.         0.         ... 0.0454687  0.00093429 0.00186858]\n ...\n [0.         0.         0.         ... 0.         0.         0.        ]\n [0.02234317 0.00286451 0.00028645 ... 0.         0.         0.        ]\n [0.         0.00852542 0.02305021 ... 0.         0.         0.        ]]",
         "bedroom",
         "image_0137"
        ],
        [
         "36",
         "[[0.02028585 0.         0.         ... 0.         0.         0.00829876]\n [0.05815198 0.03210846 0.         ... 0.00035676 0.00035676 0.00142704]\n [0.07392652 0.00221337 0.         ... 0.         0.         0.        ]\n ...\n [0.         0.         0.         ... 0.00097624 0.00032541 0.00065083]\n [0.00450958 0.01296505 0.01099211 ... 0.0005637  0.01803833 0.03579481]\n [0.04411277 0.02587065 0.         ... 0.         0.         0.00563847]]",
         "bedroom",
         "image_0127"
        ],
        [
         "37",
         "[[0.00645919 0.01203758 0.01556078 ... 0.         0.         0.0017616 ]\n [0.00031676 0.00158378 0.00981945 ... 0.00380108 0.00411783 0.00443459]\n [0.01131347 0.01434879 0.01048565 ... 0.00386313 0.00027594 0.00524283]\n ...\n [0.         0.00258598 0.00129299 ... 0.0162917  0.00956814 0.00181019]\n [0.         0.         0.         ... 0.00563464 0.0059312  0.01275208]\n [0.00675676 0.00614251 0.004914   ... 0.         0.         0.        ]]",
         "bedroom",
         "image_0061"
        ],
        [
         "38",
         "[[0.0084063  0.00350263 0.00455341 ... 0.         0.00070053 0.00105079]\n [0.00068823 0.0044735  0.01307639 ... 0.         0.         0.00103235]\n [0.03736393 0.0211827  0.         ... 0.00117682 0.00617829 0.0208885 ]\n ...\n [0.03817451 0.0304248  0.00057405 ... 0.00229621 0.00086108 0.00287026]\n [0.00030525 0.         0.         ... 0.00854701 0.0042735  0.00091575]\n [0.00845974 0.00583431 0.         ... 0.00350058 0.00145858 0.00175029]]",
         "bedroom",
         "image_0109"
        ],
        [
         "39",
         "[[0.00065552 0.         0.         ... 0.         0.         0.        ]\n [0.         0.         0.         ... 0.         0.         0.        ]\n [0.00769941 0.0052356  0.00985525 ... 0.         0.         0.        ]\n ...\n [0.00057438 0.         0.         ... 0.         0.         0.        ]\n [0.00573325 0.02625226 0.02866626 ... 0.         0.         0.        ]\n [0.         0.00032478 0.         ... 0.00032478 0.00194868 0.00292303]]",
         "bedroom",
         "image_0154"
        ],
        [
         "40",
         "[[0.02363897 0.00286533 0.00179083 ... 0.         0.         0.        ]\n [0.01739482 0.0368123  0.         ... 0.         0.         0.00080906]\n [0.04893689 0.00944988 0.         ... 0.         0.00134998 0.00134998]\n ...\n [0.         0.         0.         ... 0.03889695 0.01596517 0.00435414]\n [0.         0.         0.         ... 0.0070704  0.00430372 0.02336305]\n [0.         0.         0.         ... 0.01008557 0.00061125 0.        ]]",
         "bedroom",
         "image_0085"
        ],
        [
         "41",
         "[[0.         0.         0.00038536 ... 0.00154143 0.00077071 0.00154143]\n [0.02086784 0.03279231 0.02252401 ... 0.00066247 0.         0.00132494]\n [0.00744772 0.00973933 0.01317674 ... 0.00458321 0.00945288 0.0174735 ]\n ...\n [0.         0.         0.00241629 ... 0.         0.         0.        ]\n [0.0122399  0.04161567 0.04008568 ... 0.         0.         0.        ]\n [0.00317572 0.01340861 0.02858151 ... 0.         0.         0.        ]]",
         "bedroom",
         "image_0126"
        ],
        [
         "42",
         "[[0.05065666 0.00450281 0.         ... 0.         0.         0.00037523]\n [0.04269351 0.00208261 0.         ... 0.         0.         0.0003471 ]\n [0.04045422 0.01561391 0.         ... 0.         0.         0.00283889]\n ...\n [0.00031358 0.00125431 0.01097523 ... 0.         0.         0.        ]\n [0.00030175 0.00331925 0.00331925 ... 0.01901026 0.00392275 0.0006035 ]\n [0.         0.         0.00212057 ... 0.         0.         0.00030294]]",
         "bedroom",
         "image_0136"
        ],
        [
         "43",
         "[[0.04740007 0.0410329  0.         ... 0.00565971 0.00282986 0.        ]\n [0.01165954 0.00272056 0.0007773  ... 0.         0.00038865 0.        ]\n [0.00190186 0.00456447 0.00076075 ... 0.00076075 0.00114112 0.0083682 ]\n ...\n [0.00625978 0.02128326 0.00970266 ... 0.00657277 0.00532081 0.00156495]\n [0.00638366 0.00031918 0.00031918 ... 0.01180977 0.02968401 0.00031918]\n [0.         0.00038971 0.         ... 0.         0.00077942 0.00077942]]",
         "bedroom",
         "image_0078"
        ],
        [
         "44",
         "[[0.02807316 0.00127605 0.         ... 0.         0.         0.        ]\n [0.00684932 0.         0.         ... 0.         0.         0.        ]\n [0.         0.00027886 0.00027886 ... 0.00167317 0.00111545 0.00585611]\n ...\n [0.00034282 0.01474117 0.01474117 ... 0.         0.         0.00102845]\n [0.0066054  0.00574383 0.00201034 ... 0.00258472 0.00373349 0.00229753]\n [0.         0.00062637 0.00125274 ... 0.         0.         0.        ]]",
         "bedroom",
         "image_0100"
        ],
        [
         "45",
         "[[0.05438067 0.01435045 0.         ... 0.00151057 0.00037764 0.00037764]\n [0.00171703 0.         0.00034341 ... 0.         0.         0.00068681]\n [0.00827206 0.00857843 0.00122549 ... 0.00367647 0.00030637 0.00153186]\n ...\n [0.         0.         0.         ... 0.00029904 0.00149522 0.00717703]\n [0.00061482 0.         0.         ... 0.         0.00030741 0.00092223]\n [0.         0.         0.         ... 0.00036062 0.00144248 0.01262171]]",
         "bedroom",
         "image_0110"
        ],
        [
         "46",
         "[[0.01524629 0.00430023 0.         ... 0.         0.         0.        ]\n [0.05240332 0.         0.         ... 0.         0.         0.0003614 ]\n [0.         0.         0.0016818  ... 0.         0.         0.00201816]\n ...\n [0.00713342 0.00211361 0.         ... 0.0002642  0.00317041 0.00634082]\n [0.01193781 0.00444198 0.00111049 ... 0.00194336 0.00305386 0.00832871]\n [0.00065963 0.         0.         ... 0.         0.         0.        ]]",
         "bedroom",
         "image_0204"
        ],
        [
         "47",
         "[[0.05488851 0.         0.         ... 0.         0.         0.        ]\n [0.07850391 0.01397452 0.         ... 0.00082203 0.0053432  0.00123305]\n [0.         0.         0.         ... 0.00064392 0.00160979 0.01802962]\n ...\n [0.05621402 0.01997968 0.         ... 0.00135455 0.00101592 0.00338639]\n [0.04490291 0.01729369 0.00606796 ... 0.0003034  0.00333738 0.00606796]\n [0.00877193 0.02159244 0.00168691 ... 0.         0.00033738 0.00236167]]",
         "bedroom",
         "image_0214"
        ],
        [
         "48",
         "[[0.         0.05267205 0.03537101 ... 0.         0.         0.        ]\n [0.04763949 0.01030043 0.         ... 0.         0.         0.00257511]\n [0.00900185 0.00158856 0.01350278 ... 0.0013238  0.00688377 0.01509134]\n ...\n [0.00027488 0.         0.00027488 ... 0.00082463 0.         0.        ]\n [0.         0.         0.         ... 0.00911377 0.00188561 0.00062854]\n [0.         0.00312678 0.00227402 ... 0.00767482 0.00028425 0.00113701]]",
         "bedroom",
         "image_0172"
        ],
        [
         "49",
         "[[0.02839011 0.02070808 0.         ... 0.001002   0.000334   0.        ]\n [0.04737206 0.00069156 0.00103734 ... 0.         0.         0.        ]\n [0.02443609 0.02524167 0.00268528 ... 0.00161117 0.00349087 0.0037594 ]\n ...\n [0.00344234 0.         0.         ... 0.         0.         0.        ]\n [0.00034771 0.         0.         ... 0.         0.         0.        ]\n [0.         0.         0.00491573 ... 0.         0.00175562 0.00351124]]",
         "bedroom",
         "image_0186"
        ]
       ],
       "shape": {
        "columns": 3,
        "rows": 1500
       }
      },
      "text/html": [
       "<div>\n",
       "<style scoped>\n",
       "    .dataframe tbody tr th:only-of-type {\n",
       "        vertical-align: middle;\n",
       "    }\n",
       "\n",
       "    .dataframe tbody tr th {\n",
       "        vertical-align: top;\n",
       "    }\n",
       "\n",
       "    .dataframe thead th {\n",
       "        text-align: right;\n",
       "    }\n",
       "</style>\n",
       "<table border=\"1\" class=\"dataframe\">\n",
       "  <thead>\n",
       "    <tr style=\"text-align: right;\">\n",
       "      <th></th>\n",
       "      <th>features</th>\n",
       "      <th>category</th>\n",
       "      <th>filename</th>\n",
       "    </tr>\n",
       "  </thead>\n",
       "  <tbody>\n",
       "    <tr>\n",
       "      <th>0</th>\n",
       "      <td>[[0.00783572, 0.011618482, 0.0029721698, 0.0, ...</td>\n",
       "      <td>bedroom</td>\n",
       "      <td>image_0169</td>\n",
       "    </tr>\n",
       "    <tr>\n",
       "      <th>1</th>\n",
       "      <td>[[0.03668815, 0.0009915717, 0.0, 0.0, 0.0, 0.0...</td>\n",
       "      <td>bedroom</td>\n",
       "      <td>image_0001</td>\n",
       "    </tr>\n",
       "    <tr>\n",
       "      <th>2</th>\n",
       "      <td>[[0.0, 0.0047675804, 0.042908225, 0.0015891935...</td>\n",
       "      <td>bedroom</td>\n",
       "      <td>image_0179</td>\n",
       "    </tr>\n",
       "    <tr>\n",
       "      <th>3</th>\n",
       "      <td>[[0.0047409413, 0.0027091093, 0.00067727733, 0...</td>\n",
       "      <td>bedroom</td>\n",
       "      <td>image_0146</td>\n",
       "    </tr>\n",
       "    <tr>\n",
       "      <th>4</th>\n",
       "      <td>[[0.0045592706, 0.017857144, 0.0049392097, 0.0...</td>\n",
       "      <td>bedroom</td>\n",
       "      <td>image_0216</td>\n",
       "    </tr>\n",
       "    <tr>\n",
       "      <th>...</th>\n",
       "      <td>...</td>\n",
       "      <td>...</td>\n",
       "      <td>...</td>\n",
       "    </tr>\n",
       "    <tr>\n",
       "      <th>1495</th>\n",
       "      <td>[[0.0006495615, 0.0016239039, 0.018187724, 0.0...</td>\n",
       "      <td>tallbuilding</td>\n",
       "      <td>image_0257</td>\n",
       "    </tr>\n",
       "    <tr>\n",
       "      <th>1496</th>\n",
       "      <td>[[0.016569767, 0.013372093, 0.000872093, 0.000...</td>\n",
       "      <td>tallbuilding</td>\n",
       "      <td>image_0049</td>\n",
       "    </tr>\n",
       "    <tr>\n",
       "      <th>1497</th>\n",
       "      <td>[[0.0007246377, 0.00036231885, 0.00036231885, ...</td>\n",
       "      <td>tallbuilding</td>\n",
       "      <td>image_0066</td>\n",
       "    </tr>\n",
       "    <tr>\n",
       "      <th>1498</th>\n",
       "      <td>[[0.0, 0.0, 0.0, 0.0, 0.0, 0.0, 0.0, 0.0, 0.00...</td>\n",
       "      <td>tallbuilding</td>\n",
       "      <td>image_0076</td>\n",
       "    </tr>\n",
       "    <tr>\n",
       "      <th>1499</th>\n",
       "      <td>[[0.0014041, 0.03201348, 0.00898624, 0.0, 0.0,...</td>\n",
       "      <td>tallbuilding</td>\n",
       "      <td>image_0014</td>\n",
       "    </tr>\n",
       "  </tbody>\n",
       "</table>\n",
       "<p>1500 rows × 3 columns</p>\n",
       "</div>"
      ],
      "text/plain": [
       "                                               features      category  \\\n",
       "0     [[0.00783572, 0.011618482, 0.0029721698, 0.0, ...       bedroom   \n",
       "1     [[0.03668815, 0.0009915717, 0.0, 0.0, 0.0, 0.0...       bedroom   \n",
       "2     [[0.0, 0.0047675804, 0.042908225, 0.0015891935...       bedroom   \n",
       "3     [[0.0047409413, 0.0027091093, 0.00067727733, 0...       bedroom   \n",
       "4     [[0.0045592706, 0.017857144, 0.0049392097, 0.0...       bedroom   \n",
       "...                                                 ...           ...   \n",
       "1495  [[0.0006495615, 0.0016239039, 0.018187724, 0.0...  tallbuilding   \n",
       "1496  [[0.016569767, 0.013372093, 0.000872093, 0.000...  tallbuilding   \n",
       "1497  [[0.0007246377, 0.00036231885, 0.00036231885, ...  tallbuilding   \n",
       "1498  [[0.0, 0.0, 0.0, 0.0, 0.0, 0.0, 0.0, 0.0, 0.00...  tallbuilding   \n",
       "1499  [[0.0014041, 0.03201348, 0.00898624, 0.0, 0.0,...  tallbuilding   \n",
       "\n",
       "        filename  \n",
       "0     image_0169  \n",
       "1     image_0001  \n",
       "2     image_0179  \n",
       "3     image_0146  \n",
       "4     image_0216  \n",
       "...          ...  \n",
       "1495  image_0257  \n",
       "1496  image_0049  \n",
       "1497  image_0066  \n",
       "1498  image_0076  \n",
       "1499  image_0014  \n",
       "\n",
       "[1500 rows x 3 columns]"
      ]
     },
     "execution_count": 6,
     "metadata": {},
     "output_type": "execute_result"
    }
   ],
   "source": [
    "train_df"
   ]
  },
  {
   "cell_type": "markdown",
   "id": "77c157c6",
   "metadata": {},
   "source": [
    "## Vocabulario Visual\n",
    "\n",
    "2. Se agrupan los vectores de características: comúnmente se emplea un algoritmo de agrupamiento como K-medias, donde cada centro es una palabra visual y al conjunto completo de centros se le conoce como vocabulario visual."
   ]
  },
  {
   "cell_type": "code",
   "execution_count": 7,
   "id": "dd65d693",
   "metadata": {},
   "outputs": [],
   "source": [
    "def create_vocabulary(df, n_clusters=1000):\n",
    "    all_features = np.concatenate(df[\"features\"].values)\n",
    "    kmeans = MiniBatchKMeans(n_clusters=n_clusters, batch_size=1000, random_state=42, verbose=2)\n",
